theta = [2 1 4 1];
x = [100 2 87 111;102 5 80 120];
r = x * theta';


